14.29416663 48.9816667 460.963013
14.29499997 48.9816667 457.324005
14.2958333 48.9816667 453.199005
14.29666663 48.9816667 450.868988
14.29749997 48.9816667 446.109009
14.2983333 48.9816667 443.161011
14.29916663 48.9816667 440.609009
14.29999997 48.9816667 438.384003
14.3008333 48.9816667 436.265015
14.30166663 48.9816667 435.752014
14.30249997 48.9816667 435.523987
14.3033333 48.9816667 434.153992
14.30416663 48.9816667 433.546997
14.30499997 48.9816667 434.841003
14.3058333 48.9816667 442.743988
14.30666663 48.9816667 449.459991
14.30749997 48.9816667 448.181
14.3083333 48.9816667 446.388
14.30916663 48.9816667 443.346985
14.30999997 48.9816667 438.729004
14.3108333 48.9816667 434.885986
14.31166663 48.9816667 430.446014
14.31249997 48.9816667 427.399994
14.3133333 48.9816667 423.562012
14.31416663 48.9816667 421.746002
14.31499997 48.9816667 420.480988
14.3158333 48.9816667 419.984009
14.31666663 48.9816667 419.638
14.31749997 48.9816667 419.531006
14.3183333 48.9816667 416.5
14.31916663 48.9816667 416.5
14.31999997 48.9816667 417.903015
14.3208333 48.9816667 419.308014
14.32166663 48.9816667 421.166992
14.32249997 48.9816667 419.889008
14.3233333 48.9816667 420.621002
14.29416663 48.98083337 463.809998
14.29499997 48.98083337 459.240997
14.2958333 48.98083337 453.470001
14.29666663 48.98083337 450.096008
14.29749997 48.98083337 447.412994
14.2983333 48.98083337 444.696991
14.29916663 48.98083337 445.434998
14.29999997 48.98083337 445.503998
14.3008333 48.98083337 443.002014
14.30166663 48.98083337 441.045013
14.30249997 48.98083337 440.813995
14.3033333 48.98083337 440.779999
14.30416663 48.98083337 437.779999
14.30499997 48.98083337 438.903015
14.3058333 48.98083337 440.286011
14.30666663 48.98083337 449.207001
14.30749997 48.98083337 452.569
14.3083333 48.98083337 451.175995
14.30916663 48.98083337 445.565002
14.30999997 48.98083337 439.816986
14.3108333 48.98083337 435.733002
14.31166663 48.98083337 431.683014
14.31249997 48.98083337 428.51001
14.3133333 48.98083337 425.549011
14.31416663 48.98083337 423.645996
14.31499997 48.98083337 422.576996
14.3158333 48.98083337 422.651001
14.31666663 48.98083337 421.332001
14.31749997 48.98083337 421.513
14.3183333 48.98083337 418.664001
14.31916663 48.98083337 416.5
14.31999997 48.98083337 416.5
14.3208333 48.98083337 425.558014
14.32166663 48.98083337 425.994995
14.32249997 48.98083337 424.634003
14.3233333 48.98083337 426.136993
14.29416663 48.98000003 459.161011
14.29499997 48.98000003 455.373993
14.2958333 48.98000003 451.688995
14.29666663 48.98000003 448.617004
14.29749997 48.98000003 446.794006
14.2983333 48.98000003 449.963013
14.29916663 48.98000003 453.434998
14.29999997 48.98000003 454.704987
14.3008333 48.98000003 452.763
14.30166663 48.98000003 449.054993
14.30249997 48.98000003 450.287994
14.3033333 48.98000003 444.562988
14.30416663 48.98000003 441.704987
14.30499997 48.98000003 441.350006
14.3058333 48.98000003 440.416992
14.30666663 48.98000003 441.222992
14.30749997 48.98000003 445.18399
14.3083333 48.98000003 443.882996
14.30916663 48.98000003 440.220001
14.30999997 48.98000003 437.451996
14.3108333 48.98000003 436.859009
14.31166663 48.98000003 432.610992
14.31249997 48.98000003 430.239014
14.3133333 48.98000003 428.230988
14.31416663 48.98000003 425.848999
14.31499997 48.98000003 424.252991
14.3158333 48.98000003 422.378998
14.31666663 48.98000003 420.636993
14.31749997 48.98000003 419.585999
14.3183333 48.98000003 418.498993
14.31916663 48.98000003 417.529999
14.31999997 48.98000003 416.5
14.3208333 48.98000003 416.5
14.32166663 48.98000003 416.5
14.32249997 48.98000003 416.5
14.3233333 48.98000003 416.5
14.29416663 48.9791667 456.082001
14.29499997 48.9791667 453.359009
14.2958333 48.9791667 451.921997
14.29666663 48.9791667 452.138
14.29749997 48.9791667 454.940002
14.2983333 48.9791667 459.945007
14.29916663 48.9791667 460.502014
14.29999997 48.9791667 461.403015
14.3008333 48.9791667 457.40799
14.30166663 48.9791667 451.354004
14.30249997 48.9791667 448.471985
14.3033333 48.9791667 445.632996
14.30416663 48.9791667 443.416992
14.30499997 48.9791667 442.115997
14.3058333 48.9791667 440.665985
14.30666663 48.9791667 439.289001
14.30749997 48.9791667 442.744995
14.3083333 48.9791667 442.803986
14.30916663 48.9791667 440.559998
14.30999997 48.9791667 438.537994
14.3108333 48.9791667 437.183014
14.31166663 48.9791667 434.837006
14.31249997 48.9791667 433.677002
14.3133333 48.9791667 432.921997
14.31416663 48.9791667 429.998993
14.31499997 48.9791667 426.32901
14.3158333 48.9791667 423.459015
14.31666663 48.9791667 421.359985
14.31749997 48.9791667 420.372009
14.3183333 48.9791667 419.033997
14.31916663 48.9791667 418.203003
14.31999997 48.9791667 416.5
14.3208333 48.9791667 416.5
14.32166663 48.9791667 416.5
14.32249997 48.9791667 418.509003
14.3233333 48.9791667 416.5
14.29416663 48.97833337 467.584991
14.29499997 48.97833337 467.002991
14.2958333 48.97833337 463.27301
14.29666663 48.97833337 463.434998
14.29749997 48.97833337 464.444
14.2983333 48.97833337 465.272003
14.29916663 48.97833337 463.730988
14.29999997 48.97833337 460.252014
14.3008333 48.97833337 455.31601
14.30166663 48.97833337 452.117004
14.30249997 48.97833337 450.240997
14.3033333 48.97833337 447.510986
14.30416663 48.97833337 445.692993
14.30499997 48.97833337 444.056
14.3058333 48.97833337 445.726013
14.30666663 48.97833337 446.656006
14.30749997 48.97833337 449.226013
14.3083333 48.97833337 446.959015
14.30916663 48.97833337 445.109009
14.30999997 48.97833337 446.002991
14.3108333 48.97833337 445.050995
14.31166663 48.97833337 441.730988
14.31249997 48.97833337 440.110992
14.3133333 48.97833337 436.765015
14.31416663 48.97833337 434.252991
14.31499997 48.97833337 430.588989
14.3158333 48.97833337 426.583008
14.31666663 48.97833337 423.453003
14.31749997 48.97833337 421.496002
14.3183333 48.97833337 420.338013
14.31916663 48.97833337 419.158997
14.31999997 48.97833337 419.053009
14.3208333 48.97833337 416.5
14.32166663 48.97833337 416.5
14.32249997 48.97833337 416.5
14.3233333 48.97833337 416.5
14.29416663 48.97750003 483.292999
14.29499997 48.97750003 486.971008
14.2958333 48.97750003 488.944
14.29666663 48.97750003 482.390991
14.29749997 48.97750003 472.153992
14.2983333 48.97750003 468.210999
14.29916663 48.97750003 463.781006
14.29999997 48.97750003 458.717987
14.3008333 48.97750003 454.63501
14.30166663 48.97750003 452.054993
14.30249997 48.97750003 449.897003
14.3033333 48.97750003 447.790009
14.30416663 48.97750003 446.105011
14.30499997 48.97750003 446.583008
14.3058333 48.97750003 459.290985
14.30666663 48.97750003 455.671997
14.30749997 48.97750003 456.808014
14.3083333 48.97750003 457.10199
14.30916663 48.97750003 458.600006
14.30999997 48.97750003 460.864014
14.3108333 48.97750003 460.006989
14.31166663 48.97750003 447.05899
14.31249997 48.97750003 439.563995
14.3133333 48.97750003 436.044006
14.31416663 48.97750003 432.837006
14.31499997 48.97750003 429.325989
14.3158333 48.97750003 426.424011
14.31666663 48.97750003 423.993011
14.31749997 48.97750003 421.95401
14.3183333 48.97750003 420.79599
14.31916663 48.97750003 419.847992
14.31999997 48.97750003 418.795013
14.3208333 48.97750003 419.044006
14.32166663 48.97750003 420.290009
14.32249997 48.97750003 420.532013
14.3233333 48.97750003 421.748993
14.29416663 48.9766667 486.304993
14.29499997 48.9766667 490.846008
14.2958333 48.9766667 490.460999
14.29666663 48.9766667 485.218994
14.29749997 48.9766667 474.721985
14.2983333 48.9766667 469.812012
14.29916663 48.9766667 464.527008
14.29999997 48.9766667 459.542999
14.3008333 48.9766667 456.446014
14.30166663 48.9766667 453.636993
14.30249997 48.9766667 451.424988
14.3033333 48.9766667 450.924988
14.30416663 48.9766667 451.216003
14.30499997 48.9766667 447.190002
14.3058333 48.9766667 453.520996
14.30666663 48.9766667 454.886993
14.30749997 48.9766667 459.415985
14.3083333 48.9766667 470.722992
14.30916663 48.9766667 476.17099
14.30999997 48.9766667 466.477997
14.3108333 48.9766667 452.566986
14.31166663 48.9766667 448.06601
14.31249997 48.9766667 439.381989
14.3133333 48.9766667 434.899994
14.31416663 48.9766667 431.126007
14.31499997 48.9766667 428.227997
14.3158333 48.9766667 426.139008
14.31666663 48.9766667 424.746002
14.31749997 48.9766667 423.609009
14.3183333 48.9766667 421.752014
14.31916663 48.9766667 420.449005
14.31999997 48.9766667 419.934998
14.3208333 48.9766667 421.166992
14.32166663 48.9766667 419.850006
14.32249997 48.9766667 418.946991
14.3233333 48.9766667 418.790009
14.29416663 48.97583337 482.945007
14.29499997 48.97583337 493.417999
14.2958333 48.97583337 488.424011
14.29666663 48.97583337 488.777008
14.29749997 48.97583337 475.217987
14.2983333 48.97583337 471.17099
14.29916663 48.97583337 467.641998
14.29999997 48.97583337 465.03299
14.3008333 48.97583337 462.382996
14.30166663 48.97583337 459.626007
14.30249997 48.97583337 456.890991
14.3033333 48.97583337 455.610992
14.30416663 48.97583337 455.092987
14.30499997 48.97583337 451.324005
14.3058333 48.97583337 455.838013
14.30666663 48.97583337 460.536987
14.30749997 48.97583337 465.377014
14.3083333 48.97583337 463.641998
14.30916663 48.97583337 465.755005
14.30999997 48.97583337 466.496002
14.3108333 48.97583337 462.556
14.31166663 48.97583337 453.498993
14.31249997 48.97583337 439.196014
14.3133333 48.97583337 434.845001
14.31416663 48.97583337 432.638
14.31499997 48.97583337 430.273987
14.3158333 48.97583337 428.540985
14.31666663 48.97583337 426.85199
14.31749997 48.97583337 424.980011
14.3183333 48.97583337 423.43399
14.31916663 48.97583337 421.903992
14.31999997 48.97583337 420.575989
14.3208333 48.97583337 419.946991
14.32166663 48.97583337 419.529999
14.32249997 48.97583337 419.917999
14.3233333 48.97583337 420.049988
14.29416663 48.97500003 494.889008
14.29499997 48.97500003 493.674011
14.2958333 48.97500003 493.950989
14.29666663 48.97500003 491.946991
14.29749997 48.97500003 483.632996
14.2983333 48.97500003 478.532013
14.29916663 48.97500003 475.020996
14.29999997 48.97500003 471.140991
14.3008333 48.97500003 467.936005
14.30166663 48.97500003 465.272003
14.30249997 48.97500003 462.181
14.3033333 48.97500003 460.414001
14.30416663 48.97500003 458.846985
14.30499997 48.97500003 459.984009
14.3058333 48.97500003 472.024994
14.30666663 48.97500003 481.247986
14.30749997 48.97500003 485.141998
14.3083333 48.97500003 471.235992
14.30916663 48.97500003 469.5
14.30999997 48.97500003 467.559998
14.3108333 48.97500003 461.272003
14.31166663 48.97500003 454.692993
14.31249997 48.97500003 444.425995
14.3133333 48.97500003 436.574005
14.31416663 48.97500003 434.734985
14.31499997 48.97500003 433.869995
14.3158333 48.97500003 434.343994
14.31666663 48.97500003 432.664001
14.31749997 48.97500003 429.444
14.3183333 48.97500003 426.356995
14.31916663 48.97500003 423.729004
14.31999997 48.97500003 422.057007
14.3208333 48.97500003 420.695007
14.32166663 48.97500003 420.63501
14.32249997 48.97500003 420.497986
14.3233333 48.97500003 421.553009
14.29416663 48.9741667 505.42099
14.29499997 48.9741667 500.049988
14.2958333 48.9741667 505.151001
14.29666663 48.9741667 500.812988
14.29749997 48.9741667 493.572998
14.2983333 48.9741667 494.191986
14.29916663 48.9741667 482.057007
14.29999997 48.9741667 475.70401
14.3008333 48.9741667 471.419006
14.30166663 48.9741667 467.565002
14.30249997 48.9741667 464.398987
14.3033333 48.9741667 463.996002
14.30416663 48.9741667 461.934998
14.30499997 48.9741667 470.684998
14.3058333 48.9741667 483.565002
14.30666663 48.9741667 492.296997
14.30749997 48.9741667 488.709015
14.3083333 48.9741667 476.919006
14.30916663 48.9741667 473.028015
14.30999997 48.9741667 469.214996
14.3108333 48.9741667 459.782013
14.31166663 48.9741667 446.979004
14.31249997 48.9741667 442.950012
14.3133333 48.9741667 441.390991
14.31416663 48.9741667 439.658997
14.31499997 48.9741667 438.548004
14.3158333 48.9741667 438.210999
14.31666663 48.9741667 436.072998
14.31749997 48.9741667 432.395996
14.3183333 48.9741667 428.43399
14.31916663 48.9741667 424.779999
14.31999997 48.9741667 424.177002
14.3208333 48.9741667 425.493988
14.32166663 48.9741667 425.692993
14.32249997 48.9741667 425.981995
14.3233333 48.9741667 422.98999
14.29416663 48.97333337 500.143005
14.29499997 48.97333337 503.175995
14.2958333 48.97333337 497.566986
14.29666663 48.97333337 501.979004
14.29749997 48.97333337 494.858002
14.2983333 48.97333337 493.06601
14.29916663 48.97333337 478.800995
14.29999997 48.97333337 472.247986
14.3008333 48.97333337 468.971008
14.30166663 48.97333337 467.390991
14.30249997 48.97333337 470.717987
14.3033333 48.97333337 472.660004
14.30416663 48.97333337 475.703003
14.30499997 48.97333337 482.117004
14.3058333 48.97333337 491.217987
14.30666663 48.97333337 499.997986
14.30749997 48.97333337 494.290009
14.3083333 48.97333337 489.546997
14.30916663 48.97333337 484.132996
14.30999997 48.97333337 479.049988
14.3108333 48.97333337 478.190002
14.31166663 48.97333337 465.865997
14.31249997 48.97333337 451.07901
14.3133333 48.97333337 448.302002
14.31416663 48.97333337 445.519989
14.31499997 48.97333337 443.531006
14.3158333 48.97333337 440.049988
14.31666663 48.97333337 436.319
14.31749997 48.97333337 432.324005
14.3183333 48.97333337 428.813995
14.31916663 48.97333337 426.154999
14.31999997 48.97333337 424.996002
14.3208333 48.97333337 424.020996
14.32166663 48.97333337 424.779999
14.32249997 48.97333337 424.21701
14.3233333 48.97333337 422.647003
14.29416663 48.97250003 481.222992
14.29499997 48.97250003 485.747009
14.2958333 48.97250003 486.078003
14.29666663 48.97250003 492.876007
14.29749997 48.97250003 486.78299
14.2983333 48.97250003 477.355011
14.29916663 48.97250003 472.255005
14.29999997 48.97250003 467.437988
14.3008333 48.97250003 473.558014
14.30166663 48.97250003 472.97699
14.30249997 48.97250003 485.421997
14.3033333 48.97250003 494.352997
14.30416663 48.97250003 491.391998
14.30499997 48.97250003 479.152008
14.3058333 48.97250003 476.708008
14.30666663 48.97250003 487.571014
14.30749997 48.97250003 494.11499
14.3083333 48.97250003 499.015991
14.30916663 48.97250003 489.714996
14.30999997 48.97250003 484.928009
14.3108333 48.97250003 476.483002
14.31166663 48.97250003 476.015991
14.31249997 48.97250003 468.903015
14.3133333 48.97250003 457.024994
14.31416663 48.97250003 451.973999
14.31499997 48.97250003 448.415985
14.3158333 48.97250003 444.93399
14.31666663 48.97250003 439.884003
14.31749997 48.97250003 435.234009
14.3183333 48.97250003 431.557007
14.31916663 48.97250003 428.821991
14.31999997 48.97250003 426.300995
14.3208333 48.97250003 425.10199
14.32166663 48.97250003 427.457001
14.32249997 48.97250003 427.811005
14.3233333 48.97250003 426.303009
14.29416663 48.9716667 478.799011
14.29499997 48.9716667 478.989014
14.2958333 48.9716667 477.96701
14.29666663 48.9716667 475.591003
14.29749997 48.9716667 472.153015
14.2983333 48.9716667 470.205994
14.29916663 48.9716667 468.924988
14.29999997 48.9716667 477.164001
14.3008333 48.9716667 493.101013
14.30166663 48.9716667 491.720001
14.30249997 48.9716667 484.850006
14.3033333 48.9716667 494.445007
14.30416663 48.9716667 497.967987
14.30499997 48.9716667 496.255005
14.3058333 48.9716667 479.776001
14.30666663 48.9716667 478.196014
14.30749997 48.9716667 488.919006
14.3083333 48.9716667 501.96701
14.30916663 48.9716667 503.756989
14.30999997 48.9716667 492.981995
14.3108333 48.9716667 490.967987
14.31166663 48.9716667 481.803986
14.31249997 48.9716667 482.407013
14.3133333 48.9716667 469.799988
14.31416663 48.9716667 455.898987
14.31499997 48.9716667 452.903992
14.3158333 48.9716667 449.144989
14.31666663 48.9716667 444.671997
14.31749997 48.9716667 440.431
14.3183333 48.9716667 437.964996
14.31916663 48.9716667 435.237
14.31999997 48.9716667 432.160004
14.3208333 48.9716667 430.234985
14.32166663 48.9716667 430.712006
14.32249997 48.9716667 427.747009
14.3233333 48.9716667 427.985992
14.29416663 48.97083337 478.763
14.29499997 48.97083337 476.002991
14.2958333 48.97083337 473.828003
14.29666663 48.97083337 471.591003
14.29749997 48.97083337 470.928986
14.2983333 48.97083337 469.53299
14.29916663 48.97083337 472.963013
14.29999997 48.97083337 478.855011
14.3008333 48.97083337 483.097992
14.30166663 48.97083337 485.667999
14.30249997 48.97083337 486.895996
14.3033333 48.97083337 487.838013
14.30416663 48.97083337 488.15799
14.30499997 48.97083337 490.289001
14.3058333 48.97083337 482.390015
14.30666663 48.97083337 485.419006
14.30749997 48.97083337 491.834991
14.3083333 48.97083337 497.359985
14.30916663 48.97083337 494.647003
14.30999997 48.97083337 488.669006
14.3108333 48.97083337 491.687988
14.31166663 48.97083337 487.110992
14.31249997 48.97083337 484.867004
14.3133333 48.97083337 476.384003
14.31416663 48.97083337 462.535004
14.31499997 48.97083337 457.677002
14.3158333 48.97083337 454.131989
14.31666663 48.97083337 450.334991
14.31749997 48.97083337 447.087006
14.3183333 48.97083337 444.563995
14.31916663 48.97083337 442.89801
14.31999997 48.97083337 440.627991
14.3208333 48.97083337 437.225006
14.32166663 48.97083337 435.507996
14.32249997 48.97083337 431.464996
14.3233333 48.97083337 428.791992
14.29416663 48.97000003 478.501007
14.29499997 48.97000003 475.790009
14.2958333 48.97000003 473.584015
14.29666663 48.97000003 472.716003
14.29749997 48.97000003 472.243988
14.2983333 48.97000003 473.718994
14.29916663 48.97000003 479.522003
14.29999997 48.97000003 485.64801
14.3008333 48.97000003 488.585999
14.30166663 48.97000003 489.596008
14.30249997 48.97000003 489.015991
14.3033333 48.97000003 486.546997
14.30416663 48.97000003 483.59201
14.30499997 48.97000003 481.325989
14.3058333 48.97000003 482.876007
14.30666663 48.97000003 484.220001
14.30749997 48.97000003 485.730011
14.3083333 48.97000003 484.398987
14.30916663 48.97000003 485.572998
14.30999997 48.97000003 489.618988
14.3108333 48.97000003 486.959991
14.31166663 48.97000003 484.109009
14.31249997 48.97000003 483.480011
14.3133333 48.97000003 476.434998
14.31416663 48.97000003 469.259003
14.31499997 48.97000003 463.003998
14.3158333 48.97000003 458.585999
14.31666663 48.97000003 454.446991
14.31749997 48.97000003 450.983002
14.3183333 48.97000003 448.575989
14.31916663 48.97000003 444.963989
14.31999997 48.97000003 444.959991
14.3208333 48.97000003 439.438995
14.32166663 48.97000003 436.778015
14.32249997 48.97000003 434.179993
14.3233333 48.97000003 431.234009
14.29416663 48.9691667 480.433014
14.29499997 48.9691667 477.901001
14.2958333 48.9691667 476.303009
14.29666663 48.9691667 476.579987
14.29749997 48.9691667 475.718994
14.2983333 48.9691667 475.45401
14.29916663 48.9691667 482.627991
14.29999997 48.9691667 493.106995
14.3008333 48.9691667 495.36499
14.30166663 48.9691667 494.666992
14.30249997 48.9691667 490.84201
14.3033333 48.9691667 488.131012
14.30416663 48.9691667 485.760986
14.30499997 48.9691667 483.264008
14.3058333 48.9691667 483.174988
14.30666663 48.9691667 485.559998
14.30749997 48.9691667 487.915985
14.3083333 48.9691667 489.220001
14.30916663 48.9691667 490.481995
14.30999997 48.9691667 490.098999
14.3108333 48.9691667 489.417999
14.31166663 48.9691667 484.915985
14.31249997 48.9691667 479.558014
14.3133333 48.9691667 473.694
14.31416663 48.9691667 466.782013
14.31499997 48.9691667 461.562988
14.3158333 48.9691667 456.987
14.31666663 48.9691667 452.809998
14.31749997 48.9691667 448.657013
14.3183333 48.9691667 444.696014
14.31916663 48.9691667 441.631012
14.31999997 48.9691667 439.455994
14.3208333 48.9691667 437.122986
14.32166663 48.9691667 436.199005
14.32249997 48.9691667 434.466003
14.3233333 48.9691667 432.529999
14.29416663 48.96833337 480.252991
14.29499997 48.96833337 480.161987
14.2958333 48.96833337 480.199005
14.29666663 48.96833337 482.544006
14.29749997 48.96833337 481.549988
14.2983333 48.96833337 477.437012
14.29916663 48.96833337 480.28299
14.29999997 48.96833337 488.277008
14.3008333 48.96833337 494.846008
14.30166663 48.96833337 495.812988
14.30249997 48.96833337 492.484985
14.3033333 48.96833337 489.877991
14.30416663 48.96833337 487.455994
14.30499997 48.96833337 486.765015
14.3058333 48.96833337 488.661987
14.30666663 48.96833337 492.591003
14.30749997 48.96833337 493.765015
14.3083333 48.96833337 493.065002
14.30916663 48.96833337 492.338013
14.30999997 48.96833337 490.759003
14.3108333 48.96833337 492.829987
14.31166663 48.96833337 493.753998
14.31249997 48.96833337 491.93399
14.3133333 48.96833337 488.488007
14.31416663 48.96833337 465.178009
14.31499997 48.96833337 456.828003
14.3158333 48.96833337 452.338013
14.31666663 48.96833337 448.553986
14.31749997 48.96833337 445.446991
14.3183333 48.96833337 446.134003
14.31916663 48.96833337 448.407013
14.31999997 48.96833337 443.544006
14.3208333 48.96833337 441.368988
14.32166663 48.96833337 439.691986
14.32249997 48.96833337 437.690002
14.3233333 48.96833337 436.309998
14.29416663 48.96750003 485.342987
14.29499997 48.96750003 485.592987
14.2958333 48.96750003 485.572998
14.29666663 48.96750003 485.390991
14.29749997 48.96750003 483.507996
14.2983333 48.96750003 478.94101
14.29916663 48.96750003 481.243011
14.29999997 48.96750003 486.540009
14.3008333 48.96750003 492.416992
14.30166663 48.96750003 495.040985
14.30249997 48.96750003 493.643005
14.3033333 48.96750003 491.843994
14.30416663 48.96750003 491.320007
14.30499997 48.96750003 492.976013
14.3058333 48.96750003 496.854004
14.30666663 48.96750003 503.893005
14.30749997 48.96750003 497.509003
14.3083333 48.96750003 495.19101
14.30916663 48.96750003 492.022003
14.30999997 48.96750003 489.98999
14.3108333 48.96750003 492.847992
14.31166663 48.96750003 488.536987
14.31249997 48.96750003 476.382996
14.3133333 48.96750003 466.75
14.31416663 48.96750003 458.841003
14.31499997 48.96750003 453.550995
14.3158333 48.96750003 450.096985
14.31666663 48.96750003 447.817993
14.31749997 48.96750003 453.213013
14.3183333 48.96750003 458.164001
14.31916663 48.96750003 450.372009
14.31999997 48.96750003 448.243011
14.3208333 48.96750003 447.84201
14.32166663 48.96750003 445.037994
14.32249997 48.96750003 442.920013
14.3233333 48.96750003 440.416992
14.29416663 48.9666667 493.220001
14.29499997 48.9666667 492.490997
14.2958333 48.9666667 491.119995
14.29666663 48.9666667 488.735992
14.29749997 48.9666667 486.598999
14.2983333 48.9666667 482.545013
14.29916663 48.9666667 483.385986
14.29999997 48.9666667 488.171997
14.3008333 48.9666667 494.272003
14.30166663 48.9666667 496.980011
14.30249997 48.9666667 498.029999
14.3033333 48.9666667 498.343994
14.30416663 48.9666667 499.688995
14.30499997 48.9666667 505.944
14.3058333 48.9666667 518.203979
14.30666663 48.9666667 520.302979
14.30749997 48.9666667 506.678009
14.3083333 48.9666667 498.747986
14.30916663 48.9666667 500.975006
14.30999997 48.9666667 506.812988
14.3108333 48.9666667 497.596008
14.31166663 48.9666667 488.894989
14.31249997 48.9666667 473.011993
14.3133333 48.9666667 465.571991
14.31416663 48.9666667 465.989014
14.31499997 48.9666667 462.381012
14.3158333 48.9666667 452.17099
14.31666663 48.9666667 457.303986
14.31749997 48.9666667 473.72699
14.3183333 48.9666667 484.380005
14.31916663 48.9666667 481.325989
14.31999997 48.9666667 465.936005
14.3208333 48.9666667 455.557007
14.32166663 48.9666667 452.567993
14.32249997 48.9666667 450.138
14.3233333 48.9666667 446.179993
14.29416663 48.96583337 497.438995
14.29499997 48.96583337 496.283997
14.2958333 48.96583337 492.69101
14.29666663 48.96583337 489.636993
14.29749997 48.96583337 488.169006
14.2983333 48.96583337 483.906006
14.29916663 48.96583337 490.423004
14.29999997 48.96583337 493.470001
14.3008333 48.96583337 496.393005
14.30166663 48.96583337 498.04599
14.30249997 48.96583337 500.615997
14.3033333 48.96583337 503.958008
14.30416663 48.96583337 508.903015
14.30499997 48.96583337 513.291016
14.3058333 48.96583337 516.242981
14.30666663 48.96583337 525.554993
14.30749997 48.96583337 516.372986
14.3083333 48.96583337 503.434998
14.30916663 48.96583337 507.699005
14.30999997 48.96583337 508.565002
14.3108333 48.96583337 505.484009
14.31166663 48.96583337 498.983002
14.31249997 48.96583337 494.769012
14.3133333 48.96583337 484.70401
14.31416663 48.96583337 479.608002
14.31499997 48.96583337 481.532013
14.3158333 48.96583337 477.367004
14.31666663 48.96583337 484.621002
14.31749997 48.96583337 497.971008
14.3183333 48.96583337 503.934998
14.31916663 48.96583337 502.481995
14.31999997 48.96583337 496.015991
14.3208333 48.96583337 477.442993
14.32166663 48.96583337 461.114014
14.32249997 48.96583337 454.162994
14.3233333 48.96583337 448.113007
14.29416663 48.96500003 497.174988
14.29499997 48.96500003 495.118988
14.2958333 48.96500003 494.05899
14.29666663 48.96500003 493.498993
14.29749997 48.96500003 489.53299
14.2983333 48.96500003 487.005005
14.29916663 48.96500003 491.161011
14.29999997 48.96500003 497.821991
14.3008333 48.96500003 501.244995
14.30166663 48.96500003 502.569
14.30249997 48.96500003 504.717987
14.3033333 48.96500003 506.872009
14.30416663 48.96500003 510.76001
14.30499997 48.96500003 516.030029
14.3058333 48.96500003 518.786987
14.30666663 48.96500003 519.999023
14.30749997 48.96500003 521.776978
14.3083333 48.96500003 508.144012
14.30916663 48.96500003 514.004028
14.30999997 48.96500003 511.697998
14.3108333 48.96500003 509.373993
14.31166663 48.96500003 506.608002
14.31249997 48.96500003 503.454987
14.3133333 48.96500003 498.303009
14.31416663 48.96500003 494.5
14.31499997 48.96500003 493.783997
14.3158333 48.96500003 489.467987
14.31666663 48.96500003 500.190002
14.31749997 48.96500003 510.825012
14.3183333 48.96500003 512.020996
14.31916663 48.96500003 510.188995
14.31999997 48.96500003 504.11499
14.3208333 48.96500003 486.890015
14.32166663 48.96500003 459.834015
14.32249997 48.96500003 450.449005
14.3233333 48.96500003 443.51001
14.29416663 48.9641667 500.368011
14.29499997 48.9641667 498.197998
14.2958333 48.9641667 498.122009
14.29666663 48.9641667 497.542999
14.29749997 48.9641667 493.644989
14.2983333 48.9641667 491.276001
14.29916663 48.9641667 489.596985
14.29999997 48.9641667 496.959015
14.3008333 48.9641667 502.386993
14.30166663 48.9641667 505.130005
14.30249997 48.9641667 507.286011
14.3033333 48.9641667 507.700012
14.30416663 48.9641667 507.235992
14.30499997 48.9641667 508.045013
14.3058333 48.9641667 509.903992
14.30666663 48.9641667 507.26001
14.30749997 48.9641667 508.696991
14.3083333 48.9641667 506.975006
14.30916663 48.9641667 513.416992
14.30999997 48.9641667 513.919983
14.3108333 48.9641667 511.416992
14.31166663 48.9641667 511.678009
14.31249997 48.9641667 510.341003
14.3133333 48.9641667 506.083008
14.31416663 48.9641667 501.725006
14.31499997 48.9641667 500.204987
14.3158333 48.9641667 490.911987
14.31666663 48.9641667 499.916992
14.31749997 48.9641667 510.947998
14.3183333 48.9641667 516.643005
14.31916663 48.9641667 515.585999
14.31999997 48.9641667 506.355011
14.3208333 48.9641667 484.362
14.32166663 48.9641667 460.022003
14.32249997 48.9641667 450.187988
14.3233333 48.9641667 442.541992
14.29416663 48.96333337 502.885986
14.29499997 48.96333337 500.487
14.2958333 48.96333337 500.875
14.29666663 48.96333337 501.054993
14.29749997 48.96333337 499.309998
14.2983333 48.96333337 496.593994
14.29916663 48.96333337 492.362
14.29999997 48.96333337 494.119995
14.3008333 48.96333337 501.397003
14.30166663 48.96333337 504.94101
14.30249997 48.96333337 510.187988
14.3033333 48.96333337 512.294983
14.30416663 48.96333337 505.175995
14.30499997 48.96333337 503.005005
14.3058333 48.96333337 501.415009
14.30666663 48.96333337 501.231995
14.30749997 48.96333337 506.226013
14.3083333 48.96333337 513.765991
14.30916663 48.96333337 512.90802
14.30999997 48.96333337 514.736023
14.3108333 48.96333337 514.049988
14.31166663 48.96333337 508.441986
14.31249997 48.96333337 507.125
14.3133333 48.96333337 504.894012
14.31416663 48.96333337 501.931
14.31499997 48.96333337 500.700012
14.3158333 48.96333337 495.290009
14.31666663 48.96333337 498.792999
14.31749997 48.96333337 508.408997
14.3183333 48.96333337 515.28302
14.31916663 48.96333337 513.442017
14.31999997 48.96333337 505.209015
14.3208333 48.96333337 477.183014
14.32166663 48.96333337 459.776001
14.32249997 48.96333337 450.93399
14.3233333 48.96333337 443.917999
